410632758	000000000	0
412630758	410632758	1
401632758	410632758	1
412638750	412630758	2
412603758	412630758	2
431602758	401632758	2
041632758	401632758	2
412638705	412638750	3
402613758	412603758	3
412653708	412603758	3
412063758	412603758	3
431620758	431602758	3
431652708	431602758	3
431062758	431602758	3
641032758	041632758	3
412608735	412638705	4
412638075	412638705	4
420613758	402613758	4
042613758	402613758	4
412653780	412653708	4
412653078	412653708	4
012463758	412063758	4
412763058	412063758	4
430621758	431620758	4
431628750	431620758	4
431652780	431652708	4
431652078	431652708	4
031462758	431062758	4
431762058	431062758	4
641302758	641032758	4
641732058	641032758	4
402618735	412608735	5
412680735	412608735	5
412068735	412608735	5
412038675	412638075	5
423610758	420613758	5
642013758	042613758	5
412650783	412653780	5
412053678	412653078	5
102463758	012463758	5
412763508	412763058	5
403621758	430621758	5
431628705	431628750	5
431650782	431652780	5
431052678	431652078	5
301462758	031462758	5
431762508	431762058	5
601342758	641302758	5
641320758	641302758	5
641352708	641302758	5
641732508	641732058	5
420618735	402618735	6
042618735	402618735	6
410682735	412680735	6
412685730	412680735	6
012468735	412068735	6
412768035	412068735	6
012438675	412038675	6
412308675	412038675	6
423618750	423610758	6
423601758	423610758	6
642103758	642013758	6
642713058	642013758	6
410652783	412650783	6
412605783	412650783	6
012453678	412053678	6
412503678	412053678	6
120463758	102463758	6
162403758	102463758	6
412703568	412763508	6
412763580	412763508	6
043621758	403621758	6
431608725	431628705	6
431628075	431628705	6
430651782	431650782	6
431605782	431650782	6
031452678	431052678	6
431502678	431052678	6
310462758	301462758	6
361402758	301462758	6
431702568	431762508	6
431762580	431762508	6
610342758	601342758	6
061342758	601342758	6
640321758	641320758	6
641328750	641320758	6
641352780	641352708	6
641352078	641352708	6
641702538	641732508	6
641732580	641732508	6
428610735	420618735	7
642018735	042618735	7
401682735	410682735	7
412685703	412685730	7
102468735	012468735	7
412768305	412768035	7
102438675	012438675	7
402318675	412308675	7
412380675	412308675	7
412378605	412308675	7
423618705	423618750	7
423651708	423601758	7
423061758	423601758	7
602143758	642103758	7
642130758	642103758	7
642153708	642103758	7
642713508	642713058	7
401652783	410652783	7
402615783	412605783	7
412065783	412605783	7
102453678	012453678	7
402513678	412503678	7
412530678	412503678	7
412573608	412503678	7
123460758	120463758	7
162430758	162403758	7
162453708	162403758	7
162043758	162403758	7
402713568	412703568	7
412730568	412703568	7
412073568	412703568	7
412760583	412763580	7
643021758	043621758	7
401638725	431608725	7
431680725	431608725	7
431068725	431608725	7
431028675	431628075	7
403651782	430651782	7
401635782	431605782	7
431685702	431605782	7
431065782	431605782	7
301452678	031452678	7
401532678	431502678	7
431520678	431502678	7
431572608	431502678	7
312460758	310462758	7
361420758	361402758	7
361452708	361402758	7
361042758	361402758	7
401732568	431702568	7
431720568	431702568	7
431072568	431702568	7
431760582	431762580	7
612340758	610342758	7
604321758	640321758	7
641328705	641328750	7
641350782	641352780	7
641052378	641352078	7
601742538	641702538	7
641720538	641702538	7
641072538	641702538	7
641730582	641732580	7
428615730	428610735	8
428601735	428610735	8
642108735	642018735	8
642718035	642018735	8
481602735	401682735	8
041682735	401682735	8
412685073	412685703	8
120468735	102468735	8
162408735	102468735	8
412708365	412768305	8
412768350	412768305	8
120438675	102438675	8
132408675	102438675	8
420318675	402318675	8
042318675	402318675	8
410382675	412380675	8
412385670	412380675	8
412378650	412378605	8
412378065	412378605	8
423608715	423618705	8
423618075	423618705	8
423651780	423651708	8
423651078	423651708	8
023461758	423061758	8
423761058	423061758	8
620143758	602143758	8
062143758	602143758	8
640132758	642130758	8
642138750	642130758	8
642153780	642153708	8
642153078	642153708	8
642703518	642713508	8
642713580	642713508	8
451602783	401652783	8
041652783	401652783	8
420615783	402615783	8
042615783	402615783	8
012465783	412065783	8
412765083	412065783	8
120453678	102453678	8
152403678	102453678	8
420513678	402513678	8
042513678	402513678	8
410532678	412530678	8
412538670	412530678	8
412573680	412573608	8
412573068	412573608	8
123468750	123460758	8
123406758	123460758	8
160432758	162430758	8
162438750	162430758	8
162453780	162453708	8
162453078	162453708	8
162743058	162043758	8
420713568	402713568	8
042713568	402713568	8
410732568	412730568	8
412738560	412730568	8
012473568	412073568	8
410762583	412760583	8
412706583	412760583	8
643201758	643021758	8
643721058	643021758	8
410638725	401638725	8
041638725	401638725	8
430681725	431680725	8
431685720	431680725	8
031468725	431068725	8
431768025	431068725	8
031428675	431028675	8
431208675	431028675	8
453601782	403651782	8
043651782	403651782	8
410635782	401635782	8
041635782	401635782	8
431685072	431685702	8
031465782	431065782	8
431765082	431065782	8
310452678	301452678	8
351402678	301452678	8
041532678	401532678	8
430521678	431520678	8
431528670	431520678	8
431572680	431572608	8
431572068	431572608	8
312468750	312460758	8
312406758	312460758	8
360421758	361420758	8
361428750	361420758	8
361452780	361452708	8
361452078	361452708	8
361742058	361042758	8
041732568	401732568	8
430721568	431720568	8
431728560	431720568	8
031472568	431072568	8
430761582	431760582	8
431706582	431760582	8
612348750	612340758	8
612304758	612340758	8
624301758	604321758	8
064321758	604321758	8
641308725	641328705	8
641328075	641328705	8
640351782	641350782	8
641305782	641350782	8
041652378	641052378	8
641502378	641052378	8
610742538	601742538	8
061742538	601742538	8
640721538	641720538	8
641728530	641720538	8
041672538	641072538	8
641572038	641072538	8
640731582	641730582	8
641703582	641730582	8
428615703	428615730	9
408621735	428601735	9
428631705	428601735	9
428061735	428601735	9
602148735	642108735	9
642180735	642108735	9
642138705	642108735	9
642718305	642718035	9
481620735	481602735	9
481632705	481602735	9
481062735	481602735	9
641082735	041682735	9
412085673	412685073	9
128460735	120468735	9
162480735	162408735	9
162438705	162408735	9
162048735	162408735	9
402718365	412708365	9
412780365	412708365	9
412078365	412708365	9
412760358	412768350	9
128430675	120438675	9
132480675	132408675	9
132478605	132408675	9
132048675	132408675	9
428310675	420318675	9
342018675	042318675	9
401382675	410382675	9
412385607	412385670	9
412370658	412378650	9
403628715	423608715	9
423680715	423608715	9
423068715	423608715	9
423018675	423618075	9
423650781	423651780	9
423051678	423651078	9
203461758	023461758	9
423761508	423761058	9
623140758	620143758	9
604132758	640132758	9
642150783	642153780	9
642053178	642153078	9
602743518	642703518	9
642730518	642703518	9
642073518	642703518	9
642710583	642713580	9
451620783	451602783	9
451682703	451602783	9
451062783	451602783	9
641052783	041652783	9
425610783	420615783	9
642015783	042615783	9
102465783	012465783	9
412765803	412765083	9
123450678	120453678	9
152430678	152403678	9
152473608	152403678	9
152043678	152403678	9
423510678	420513678	9
542013678	042513678	9
412538607	412538670	9
412570683	412573680	9
123468705	123468750	9
103426758	123406758	9
123456708	123406758	9
123046758	123406758	9
106432758	160432758	9
162450783	162453780	9
162053478	162453078	9
162743508	162743058	9
423710568	420713568	9
742013568	042713568	9
412738506	412738560	9
102473568	012473568	9
401762583	410762583	9
402716583	412706583	9
412786503	412706583	9
412076583	412706583	9
603241758	643201758	9
643210758	643201758	9
643251708	643201758	9
643721508	643721058	9
418630725	410638725	9
641038725	041638725	9
403681725	430681725	9
301468725	031468725	9
431768205	431768025	9
301428675	031428675	9
401238675	431208675	9
431280675	431208675	9
431278605	431208675	9
453610782	453601782	9
453681702	453601782	9
453061782	453601782	9
643051782	043651782	9
415630782	410635782	9
641035782	041635782	9
431085672	431685072	9
301465782	031465782	9
431765802	431765082	9
312450678	310452678	9
351420678	351402678	9
351472608	351402678	9
351042678	351402678	9
541032678	041532678	9
403521678	430521678	9
431528607	431528670	9
431570682	431572680	9
312468705	312468750	9
302416758	312406758	9
312456708	312406758	9
312046758	312406758	9
306421758	360421758	9
361428705	361428750	9
361450782	361452780	9
361052478	361452078	9
361742508	361742058	9
741032568	041732568	9
403721568	430721568	9
431728506	431728560	9
301472568	031472568	9
403761582	430761582	9
401736582	431706582	9
431786502	431706582	9
431076582	431706582	9
612348705	612348750	9
602314758	612304758	9
612354708	612304758	9
612034758	612304758	9
624310758	624301758	9
624351708	624301758	9
624031758	624301758	9
364021758	064321758	9
601348725	641308725	9
641380725	641308725	9
641028375	641328075	9
604351782	640351782	9
601345782	641305782	9
641385702	641305782	9
401652378	041652378	9
601542378	641502378	9
641520378	641502378	9
641572308	641502378	9
612740538	610742538	9
761042538	061742538	9
604721538	640721538	9
641728503	641728530	9
401672538	041672538	9
604731582	640731582	9
601743582	641703582	9
641783502	641703582	9
641073582	641703582	9
428605713	428615703	10
428615073	428615703	10
480621735	408621735	10
048621735	408621735	10
428631750	428631705	10
428631075	428631705	10
028461735	428061735	10
428761035	428061735	10
620148735	602148735	10
062148735	602148735	10
640182735	642180735	10
642185730	642180735	10
642138075	642138705	10
642708315	642718305	10
642718350	642718305	10
481625730	481620735	10
481632750	481632705	10
481632075	481632705	10
081462735	481062735	10
481762035	481062735	10
641802735	641082735	10
641782035	641082735	10
012485673	412085673	10
412805673	412085673	10
128465730	128460735	10
128406735	128460735	10
160482735	162480735	10
162485730	162480735	10
162438075	162438705	10
162748035	162048735	10
420718365	402718365	10
042718365	402718365	10
410782365	412780365	10
412785360	412780365	10
012478365	412078365	10
410762358	412760358	10
412706358	412760358	10
128435670	128430675	10
128403675	128430675	10
130482675	132480675	10
132485670	132480675	10
132478650	132478605	10
132478065	132478605	10
032148675	132048675	10
132648075	132048675	10
428315670	428310675	10
428301675	428310675	10
342108675	342018675	10
342618075	342018675	10
481302675	401382675	10
041382675	401382675	10
412305687	412385607	10
412385067	412385607	10
410372658	412370658	10
412307658	412370658	10
430628715	403628715	10
043628715	403628715	10
420683715	423680715	10
423685710	423680715	10
023468715	423068715	10
423768015	423068715	10
023418675	423018675	10
423108675	423018675	10
420653781	423650781	10
423605781	423650781	10
023451678	423051678	10
423501678	423051678	10
230461758	203461758	10
263401758	203461758	10
423701568	423761508	10
423761580	423761508	10
623148750	623140758	10
623104758	623140758	10
634102758	604132758	10
064132758	604132758	10
640152783	642150783	10
642105783	642150783	10
042653178	642053178	10
642503178	642053178	10
620743518	602743518	10
062743518	602743518	10
640732518	642730518	10
642738510	642730518	10
042673518	642073518	10
642573018	642073518	10
640712583	642710583	10
642701583	642710583	10
450621783	451620783	10
451623780	451620783	10
451682730	451682703	10
451682073	451682703	10
051462783	451062783	10
451762083	451062783	10
641502783	641052783	10
641752083	641052783	10
425613780	425610783	10
425601783	425610783	10
642715083	642015783	10
120465783	102465783	10
162405783	102465783	10
412705863	412765803	10
412765830	412765803	10
123458670	123450678	10
123405678	123450678	10
150432678	152430678	10
152438670	152430678	10
152473680	152473608	10
152473068	152473608	10
052143678	152043678	10
152643078	152043678	10
423518670	423510678	10
542103678	542013678	10
542613078	542013678	10
412508637	412538607	10
412538067	412538607	10
410572683	412570683	10
412507683	412570683	10
123408765	123468705	10
123468075	123468705	10
130426758	103426758	10
013426758	103426758	10
123456780	123456708	10
